[1.1387004925690232, 1.065683064160309, 1.0666049747978952, 1.0647264293836038]
[1.0387507637433748, 1.0356762804458401, 1.0108291944637304, 1.1611769589910528]
[1.158033194439122, 1.0183133061807648, 1.035695032823547, 1.0401839706486196]
[0.8858042083471185, 1.015710964504985, 0.8129103166664644, 0.9257664604313459]
[1.1784938165030185, 1.1013040142617012, 1.093332786025426, 1.0941953632121835]
[0.5, 1, 0.5, 0.5]
[1.1243513867448434, 1.0559921261377805, 1.0554845354378015, 0.9537857738141019]
[0.5, 1, 0.5, 0.5]
[1.153293618475353, 1.1523509770811182, 1.151205527907997, 1.3075101796397939]
[1.257325816510059, 1.3922769946205418, 1.2580854990201602, 1.2581457775720097]
[1.3668244271489562, 1.1885047051779754, 1.206121902888744, 1.1519645049824545]
[0.5, 1, 0.5, 0.5]
[0.5, 1, 0.5, 0.5]
[1.3646024988571641, 1.3056167758169368, 1.4562583641944342, 1.3938664981749058]
[1.5626625866394408, 1.6880806254991685, 1.5478383607393211, 1.5483218465454582]
[0.5, 1, 0.5, 0.5]
